88
92
11
98
46
55
88
12
4
10
74
83
76
84
7
5
77
25
25
70
12
13
32
95
35
51
45
41
88
53
35
13
32
63
24
29
49
42
74
44
29
69
17
24
26
59
64
79
7
14
3
33
45
47
88
12
56
28
76
69
55
44
84
28
84
55
69
66
9
41
9
47
71
100
85
83
4
68
19
83
82
9
93
42
58
64
75
82
39
94
17
70
2
11
2
69
17
35
43
86
28
85
26
14
12
78
18
10
9
28
28
8
9
38
34
20
78
44
21
35
49
52
73
44
55
58
59
60
77
46
8
18
53
71
86
96
11
93
99
93
80
58
5
81
25
82
35
42
28
10
20
81
17
13
1
98
3
1
75
42
91
46
18
3
16
34
32
81
66
83
12
67
63
21
4
26
5
89
87
81
86
53
44
84
90
10
99
92
1
12
66
97
42
88
32
50
53
10
100
16
14
7
50
55
48
70
22
48
53
51
23
79
98
97
13
27
86
33
44
13
24
54
16
45
90
46
6
58
93
49
31
98
7
78
32
20
54
8
92
3
26
40
40
25
23
55
93
27
21
16
12
6
80
23
23
24
87
86
47
17
60
88
61
34
97
34
10
4
91
19
5
11
64
90
77
53
42
33
77
78
71
58
93
85
99
94
8
29
48
39
60
65
38
84
49
41
14
45
61
91
20
53
10
23
57
43
37
34
94
95
21
46
17
75
93
35
1
32
37
21
95
77
12
26
46
12
70
63
100
4
76
98
58
41
88
11
10
99
38
5
54
38
66
79
80
18
56
90
6
66
85
17
62
58
33
88
2
53
20
75
80
83
81
53
21
11
38
45
37
54
90
87
39
68
6
4
41
3
1
4
12
45
74
39
70
8
47
7
26
20
9
56
1
80
39
68
39
11
18
38
63
92
50
2
22
54
88
44
94
35
41
23
76
99
47
93
14
82
7
19
5
94
86
52
75
59
94
67
92
59
7
2
60
44
31
9
73
65
18
84
66
61
38
97
55
37
7
49
41
95
7
27
76
27
89
63
69
53
49
86
54
67
66
46
7
67
31
65
53
56
97
42
43
25
10
59
23
82
35
87
2
80
87
65
85
37
48
3
92
47
66
38
12
1
78
35
56
18
54
22
35
59
66
34
84
59
66
88
53
54
20
68
44
42
72
27
37
91
44
31
18
12
40
23
31
98
33
9
76
21
5
16
61
100
80
38
91
43
81
97
83
40
81
13
63
20
15
60
6
79
47
48
14
65
28
41
51
92
35
22
69
34
87
6
43
84
70
7
38
32
20
4
33
22
17
79
96
26
77
24
21
58
91
18
90
4
80
61
50
7
16
38
6
8
61
45
35
13
23
26
7
40
11
60
50
24
33
17
98
64
70
71
5
65
66
98
69
49
79
9
10
95
14
20
13
83
45
75
84
59
3
52
45
20
67
30
39
72
36
7
26
55
99
73
79
31
8
100
72
21
2
9
65
78
34
33
21
44
46
88
30
33
47
82
77
75
73
83
90
46
15
97
72
48
57
99
87
46
2
48
4
84
37
46
69
25
73
44
60
16
5
13
95
61
87
52
81
8
85
8
25
73
50
67
100
97
47
17
90
88
3
63
34
23
43
66
20
95
12
28
23
38
61
84
23
93
74
63
90
62
63
4
21
15
30
45
91
82
98
37
62
92
11
28
98
31
60
51
18
86
35
99
60
22
92
70
93
91
75
47
97
97
83
33
31
42
21
61
57
33
68
34
24
65
56
87
13
68
21
57
21
18
34
54
48
42
53
75
61
11
98
54
8
20
36
4
94
88
58
54
51
83
20
39
94
71
53
41
14
67
70
2
98
100
30
87
17
10
74
42
62
56
80
50
98
6
6
93
95
8
42
77
88
38
12
18
34
47
31
83
68
53
50
57
42
85
28
22
100
3
68
1
48
63
47
24
92
30
86
49
27
19
69
92
77
70
41
16
15
67
98
85
98
52
93
11
27
96
54
33
20
84
47
98
85
81
95
91
52
85
5
42
94
11
53
1
44
42
81
97
45
75
93
25
36
48
24
60
75
58
93
2
59
39
66
58
45
20
47
61
67
33
45
94
50
5
40
55
43
31
12
15
100
36
68
41
61
22
33
89
84
90
39
94
83
84
83
69
49
82
59
24
27
69
92
80
32
36
37
57
84
1
70
86
47
74
44
65
52
49
60
76
26
80
35
41
13
38
40
55
59
41
19
97
46
84
7
14
8
40
67
61
68
39
29
33
66
11
8
5
